1 0.965164 0.735201 0.069672 0.291434
1 0.278695 0.404357 0.099312 0.289132
1 0.378564 0.403901 0.097465 0.286538
0 0.477602 0.404747 0.097930 0.285890
0 0.676102 0.402720 0.098445 0.287242
0 0.963990 0.404357 0.072020 0.276791
0 0.178564 0.734918 0.097480 0.289121
1 0.180480 0.403187 0.097781 0.288176
1 0.079439 0.403654 0.101770 0.289110
0 0.477277 0.732786 0.096734 0.286923
2 0.778254 0.734184 0.101461 0.289874
1 0.576553 0.404253 0.097262 0.285934
1 0.776602 0.403261 0.097508 0.285698
1 0.877139 0.404115 0.098574 0.283725
1 0.077629 0.735236 0.099891 0.291484
1 0.278443 0.735964 0.096738 0.289885
1 0.378176 0.734115 0.094633 0.291363
1 0.576625 0.734508 0.095289 0.289533
1 0.677098 0.735948 0.097844 0.292203
1 0.878061 0.736162 0.097262 0.292720