1 0.958958 0.358857 0.079917 0.315492
1 0.050833 0.668016 0.075167 0.299524
1 0.124542 0.670770 0.073750 0.301317
1 0.199046 0.669429 0.074242 0.301143
1 0.272467 0.668770 0.076233 0.303730
1 0.423283 0.668087 0.074600 0.297159
1 0.498600 0.670722 0.076300 0.298556
1 0.651313 0.671992 0.074208 0.298556
1 0.726254 0.670976 0.074492 0.298683
1 0.801625 0.672222 0.075083 0.300635
1 0.878971 0.670873 0.074725 0.300476
1 0.955554 0.669302 0.074725 0.300476
0 0.121150 0.358310 0.076483 0.316016
0 0.194808 0.358802 0.074217 0.315413
0 0.268925 0.358008 0.074217 0.315413
0 0.649775 0.361524 0.075283 0.315429
0 0.727029 0.362071 0.072342 0.314270
0 0.803083 0.361190 0.079167 0.312540
0 0.347958 0.670952 0.075583 0.292063
0 0.573717 0.671214 0.073567 0.299159
1 0.045979 0.358952 0.075892 0.312413
1 0.345092 0.356087 0.074217 0.315413
1 0.420492 0.357960 0.074217 0.315413
1 0.497129 0.359802 0.074742 0.315476
1 0.573450 0.358857 0.071850 0.315492
1 0.881958 0.360714 0.080250 0.311905