1 0.549145 0.224770 0.095710 0.328198
1 0.940225 0.839629 0.092450 0.311519
1 0.048905 0.217323 0.097810 0.331184
1 0.148005 0.218799 0.107190 0.331307
1 0.250660 0.219912 0.101620 0.329011
1 0.351635 0.221422 0.099490 0.327509
1 0.450690 0.222562 0.098620 0.329788
1 0.842850 0.839664 0.093700 0.313604
1 0.745535 0.840716 0.093670 0.313693
1 0.648800 0.839090 0.094900 0.312597
1 0.551440 0.838595 0.093080 0.312527
1 0.454660 0.839302 0.092440 0.307191
1 0.356420 0.839823 0.094240 0.306148
0 0.256600 0.840389 0.099180 0.302862
1 0.154980 0.841961 0.099160 0.308304
1 0.051465 0.843675 0.102930 0.312650
1 0.946750 0.226890 0.106500 0.321731
1 0.843165 0.225309 0.097130 0.323587
1 0.744160 0.225954 0.096720 0.327385
1 0.646700 0.224823 0.093600 0.326678