0 0.081633 0.171739 0.071933 0.319002
0 0.022462 0.823816 0.044925 0.311079
0 0.023262 0.169944 0.046525 0.318535
0 0.961463 0.162005 0.073192 0.315572
0 0.888008 0.162585 0.073200 0.315572
0 0.738712 0.164887 0.073192 0.315572
0 0.442338 0.828494 0.073192 0.315572
0 0.152313 0.825258 0.070625 0.316538
0 0.080854 0.823382 0.073192 0.315588
1 0.959167 0.834444 0.071617 0.317488
1 0.884025 0.828527 0.071617 0.317472
1 0.810587 0.830507 0.071625 0.317472
1 0.735446 0.829187 0.071625 0.317472
1 0.661667 0.828527 0.071617 0.317472
1 0.587888 0.829187 0.071625 0.317472
1 0.514450 0.828527 0.071617 0.317472
1 0.369608 0.824597 0.071617 0.317472
1 0.296508 0.824597 0.071617 0.317472
1 0.223750 0.825242 0.071617 0.317472
1 0.812904 0.163019 0.071625 0.317472
1 0.664800 0.166965 0.071617 0.317472
1 0.590950 0.165386 0.071617 0.317472
1 0.516696 0.166176 0.071625 0.317472
1 0.442442 0.170113 0.071617 0.317488
1 0.369000 0.169324 0.071617 0.317488
1 0.152054 0.171151 0.071625 0.317472
1 0.224408 0.170717 0.071617 0.317472
0 0.296617 0.169396 0.073200 0.315572