0 0.498047 0.453245 0.057677 0.214750
0 0.196323 0.911750 0.060396 0.176500
0 0.135292 0.910958 0.060396 0.178083
0 0.256677 0.912917 0.060187 0.174167
0 0.317375 0.912713 0.060167 0.174574
0 0.377482 0.913194 0.060161 0.173611
0 0.437729 0.913500 0.060167 0.173000
1 0.498044 0.913315 0.060161 0.173370
0 0.558156 0.913500 0.060167 0.173000
0 0.618065 0.913134 0.060161 0.173731
1 0.678380 0.913134 0.060167 0.173731
0 0.738698 0.913134 0.060167 0.173731
1 0.797276 0.912407 0.056281 0.175185
0 0.858589 0.913088 0.063656 0.173824
0 0.798922 0.451051 0.057677 0.214750
1 0.860299 0.452176 0.062630 0.215463
0 0.739229 0.452111 0.057677 0.214759
1 0.678401 0.452227 0.057677 0.214750
0 0.618643 0.451458 0.057682 0.214750
0 0.558797 0.453097 0.057677 0.214750
0 0.437294 0.452708 0.058120 0.214750
0 0.377617 0.452477 0.058120 0.214750
0 0.317555 0.453556 0.059901 0.214370
0 0.256497 0.453759 0.059901 0.214370
0 0.196388 0.453759 0.059901 0.214370
0 0.136070 0.452676 0.059901 0.214370
0 0.135779 0.235611 0.059901 0.214370
0 0.316966 0.236046 0.059901 0.214370
0 0.196174 0.236481 0.059901 0.214370
0 0.256081 0.236481 0.059901 0.214370
0 0.377586 0.236833 0.059901 0.214370
0 0.437445 0.236833 0.059901 0.214370
1 0.498010 0.237458 0.059896 0.214380
1 0.558924 0.236833 0.059901 0.214370
1 0.618862 0.235620 0.059901 0.214370
1 0.678513 0.235921 0.059901 0.214380
1 0.739643 0.235921 0.059901 0.214380
1 0.799818 0.235056 0.059458 0.214370
1 0.860760 0.234898 0.062646 0.214352