0 0.733196 0.314513 0.067625 0.115625
0 0.072417 0.560700 0.059667 0.137600
1 0.681071 0.313006 0.067625 0.113813
1 0.073163 0.177869 0.057375 0.116937
1 0.130967 0.178531 0.054767 0.116937
0 0.185667 0.179438 0.053167 0.116375
0 0.239417 0.180875 0.055167 0.116250
0 0.293750 0.182188 0.058000 0.116375
0 0.347513 0.183663 0.059975 0.115925
1 0.401625 0.185688 0.062750 0.116375
0 0.455625 0.188188 0.062917 0.115875
1 0.508917 0.189500 0.061833 0.115500
0 0.561083 0.191750 0.064667 0.116500
0 0.612833 0.194000 0.063833 0.115000
0 0.664083 0.196000 0.065500 0.112750
1 0.714917 0.198487 0.065500 0.112750
0 0.764833 0.200813 0.067500 0.111125
0 0.814413 0.203169 0.066008 0.110913
0 0.863150 0.206581 0.066200 0.111588
1 0.911208 0.209125 0.068083 0.112500
1 0.958542 0.211938 0.068250 0.111625
1 0.023296 0.853975 0.046592 0.136900
1 0.077050 0.855075 0.060300 0.134250
1 0.201417 0.855625 0.069833 0.131250
0 0.269042 0.855813 0.070583 0.128875
1 0.332042 0.852625 0.063083 0.127000
1 0.392083 0.850031 0.071167 0.126562
1 0.456429 0.847812 0.073642 0.123125
1 0.516821 0.846312 0.070692 0.121875
1 0.576208 0.845062 0.068750 0.119875
1 0.697246 0.844744 0.073825 0.118738
1 0.756550 0.843688 0.076400 0.118125
1 0.815833 0.841250 0.077667 0.119750
1 0.869167 0.836937 0.066500 0.118875
1 0.970712 0.837963 0.058575 0.115700
1 0.134108 0.561006 0.063950 0.138487
1 0.195071 0.561606 0.062358 0.137538
0 0.253938 0.562206 0.061625 0.135588
1 0.312658 0.563756 0.066350 0.135238
0 0.372500 0.565044 0.066350 0.135238
0 0.431733 0.565462 0.067867 0.135325
0 0.490675 0.567187 0.069317 0.135875
1 0.548283 0.567981 0.069100 0.135288
1 0.605104 0.568969 0.071625 0.135313
1 0.661488 0.569887 0.071625 0.135325
1 0.717375 0.571419 0.073083 0.133413
1 0.772633 0.572994 0.073250 0.133413
1 0.827167 0.574588 0.071667 0.131675
1 0.882042 0.576437 0.068583 0.126625
1 0.933042 0.578500 0.070250 0.122500
0 0.073317 0.297737 0.058583 0.120275
1 0.131704 0.298456 0.057575 0.120912
1 0.188413 0.298769 0.056492 0.120287
1 0.298792 0.300312 0.060917 0.118375
1 0.354775 0.301750 0.061950 0.118750
0 0.411067 0.302969 0.063933 0.117288
1 0.138000 0.855750 0.060833 0.132250
2 0.975096 0.578475 0.049808 0.122450
1 0.783979 0.315481 0.068258 0.114962
0 0.466225 0.303912 0.064783 0.115825
0 0.520713 0.305575 0.064242 0.114850
0 0.575154 0.308419 0.066692 0.117412
1 0.627946 0.311119 0.066108 0.115087
1 0.835633 0.317119 0.067250 0.113712
0 0.884775 0.321019 0.069600 0.114962
1 0.933662 0.322906 0.071108 0.114712
1 0.973975 0.324444 0.052050 0.111088