0 0.503150 0.788350 0.072167 0.247260
1 0.076956 0.236130 0.076533 0.240940
1 0.148906 0.237380 0.070189 0.238440
1 0.216539 0.238440 0.071922 0.240560
1 0.286478 0.239280 0.072689 0.241000
1 0.355161 0.240860 0.072344 0.237880
0 0.422767 0.241790 0.069133 0.237260
0 0.489711 0.241580 0.073667 0.235560
1 0.559989 0.244050 0.072467 0.234700
1 0.628333 0.244100 0.072444 0.235800
1 0.696194 0.244330 0.073611 0.236300
0 0.764394 0.244740 0.069878 0.236920
1 0.833122 0.245630 0.075067 0.235780
1 0.907283 0.246150 0.075344 0.236300
1 0.082111 0.791800 0.076222 0.244800
1 0.155089 0.790480 0.072178 0.243040
1 0.226111 0.789700 0.069867 0.242600
1 0.295656 0.789190 0.071000 0.245700
1 0.365589 0.787990 0.070378 0.243620
1 0.434628 0.788150 0.071256 0.245700
0 0.571256 0.786010 0.071000 0.247780
1 0.639650 0.785230 0.071011 0.248300
1 0.708911 0.784440 0.072156 0.250920
0 0.777306 0.784960 0.068678 0.250920
1 0.845289 0.784950 0.073644 0.250900
1 0.915256 0.785220 0.075644 0.251440