1 0.910129 0.830504 0.052882 0.261585
0 0.089618 0.176671 0.051550 0.295648
0 0.145181 0.177190 0.052655 0.294035
1 0.199432 0.177450 0.050310 0.291210
1 0.254597 0.177089 0.051550 0.291931
0 0.308719 0.174986 0.051570 0.293256
1 0.363404 0.173343 0.053833 0.290202
1 0.417386 0.174193 0.050682 0.288501
1 0.471772 0.173084 0.052986 0.287839
0 0.527169 0.172622 0.051033 0.291643
1 0.580573 0.174524 0.050155 0.292565
1 0.634985 0.174986 0.051312 0.293256
1 0.689664 0.176571 0.054143 0.290086
1 0.746178 0.180101 0.052686 0.293977
1 0.800981 0.179654 0.052996 0.299481
1 0.855387 0.180821 0.050671 0.300029
1 0.910072 0.181066 0.050517 0.304150
1 0.963636 0.180403 0.048347 0.303746
0 0.038507 0.820576 0.051849 0.279020
0 0.093337 0.821715 0.051550 0.275130
1 0.148151 0.821369 0.051281 0.275821
1 0.201560 0.824669 0.050992 0.278732
1 0.256131 0.824352 0.051994 0.271758
1 0.309917 0.824784 0.050826 0.271470
1 0.364256 0.825360 0.051860 0.270893
0 0.419473 0.825216 0.050723 0.269452
1 0.472639 0.824654 0.051622 0.268501
1 0.035176 0.175058 0.051756 0.297723
1 0.961488 0.829251 0.046983 0.260173
1 0.855134 0.830937 0.050971 0.260893
1 0.800455 0.826614 0.051240 0.261470
1 0.745108 0.824625 0.051519 0.264121
1 0.690429 0.824625 0.052655 0.265447
1 0.634824 0.825288 0.052417 0.265447
1 0.582056 0.825951 0.050289 0.268098
1 0.528347 0.825965 0.051942 0.268069