1 0.650070 0.069240 0.081882 0.072613
1 0.105871 0.079680 0.102079 0.072747
1 0.190091 0.077287 0.102065 0.072760
1 0.267051 0.076313 0.088090 0.072893
1 0.337711 0.074960 0.078792 0.072320
1 0.408982 0.074140 0.074733 0.072280
0 0.487381 0.072033 0.085632 0.072333
0 0.573041 0.070287 0.086250 0.072573
1 0.721910 0.066567 0.091292 0.072627
0 0.802739 0.064347 0.103792 0.073227
0 0.888904 0.063113 0.107584 0.072893
0 0.957444 0.061873 0.085112 0.071773
1 0.051103 0.263893 0.102205 0.100107
0 0.133919 0.263067 0.118118 0.100800
0 0.230618 0.262333 0.109551 0.099333
0 0.319874 0.261400 0.092275 0.100400
1 0.402107 0.260133 0.086517 0.099467
1 0.488764 0.258133 0.085112 0.099200
1 0.573385 0.257000 0.091433 0.100133
0 0.664860 0.255200 0.111854 0.100480
0 0.762992 0.253733 0.117556 0.099733
1 0.852247 0.252533 0.115449 0.100533
0 0.938834 0.251867 0.122331 0.101333
0 0.049544 0.370060 0.099087 0.112920
1 0.127992 0.369760 0.114270 0.113467
1 0.223034 0.369467 0.116292 0.114400
1 0.328792 0.367933 0.114326 0.114267
1 0.428371 0.367200 0.093258 0.114667
0 0.528020 0.366000 0.108567 0.114933
0 0.635604 0.364333 0.115590 0.113200
1 0.734494 0.363040 0.112247 0.115200
0 0.828441 0.362533 0.124017 0.115467
1 0.921699 0.360800 0.125983 0.116000
1 0.062999 0.680020 0.125997 0.170867
1 0.167697 0.680733 0.153090 0.170533
1 0.413933 0.679760 0.113933 0.170400
0 0.528497 0.680053 0.115281 0.172107
0 0.640098 0.680400 0.127107 0.173333
1 0.757605 0.679593 0.152177 0.173027
0 0.896039 0.678960 0.178483 0.172320
1 0.037767 0.872747 0.075534 0.199067
1 0.115590 0.872153 0.174888 0.203453
0 0.245983 0.872240 0.142079 0.204000
1 0.366250 0.871493 0.131348 0.207360
1 0.492697 0.872800 0.127247 0.209333
1 0.629424 0.872000 0.157444 0.209067
1 0.773258 0.873853 0.180815 0.211200
1 0.909775 0.872880 0.174607 0.212000
2 0.294754 0.681133 0.140379 0.169493