1 0.624466 0.494382 0.118724 0.207159
0 0.686023 0.455443 0.115203 0.191587
1 0.758148 0.417279 0.139849 0.208727
0 0.202703 0.382694 0.170490 0.163007
0 0.356565 0.305849 0.162432 0.151734
1 0.497995 0.236734 0.156094 0.144225
0 0.622068 0.174769 0.136948 0.125443
1 0.028464 0.192292 0.056927 0.145470
1 0.086625 0.166504 0.079729 0.147989
0 0.154906 0.135720 0.080583 0.143506
1 0.220430 0.109792 0.080151 0.135212
1 0.282773 0.082385 0.081849 0.134493
1 0.344341 0.060470 0.082255 0.120941
1 0.747586 0.656388 0.183797 0.191559
1 0.406810 0.885346 0.204026 0.225858
1 0.061380 0.837851 0.122760 0.289723
1 0.156190 0.769304 0.107307 0.252334
2 0.585331 0.763856 0.188193 0.197823
2 0.893568 0.564456 0.169740 0.163598
0 0.242802 0.718685 0.108167 0.244548
1 0.325026 0.676628 0.117844 0.247666
1 0.403292 0.624756 0.114323 0.238312
0 0.479370 0.579271 0.113427 0.224299
1 0.552344 0.535650 0.118750 0.224271